SCRIPTURAE DISOREPANRRA.· LXXIII

-1111, pag. 211-133,
3113 11311311. 1 19. in 11 Par. 1, ad 113, om. rel. 1 2313313·
1,3311 1313111,127,311113111133131,183333113,13333
13113 3131113 313331. 1111311131. 112125 7. populum 311
131111,13133333.11,13133133,3,1 3313333111, 1 20. 03ρί
33331,33113333331,121. 3391133311,31311133.,11 123
1933311131, 31, Sol. 54, 2, 3393331133 1] (R 331331 3331333-
13113 3331311 123. 24133313331331113. ,1.331 parans·
133.31331(1,133111. 12627,13133933131113,131339.3, 139339.
11119 13333ρὶ3333, 10313333111113331, 33133333,
33333311, 131. 333 3331113133. 133. 131333311, 13331, 3,
11113134. 331333, 33331333(331,,,3333331. 136. arta·
. 3313,311 137,11331331333191 11113(13.111,1(13313, 13833·
Ι3311333313, 13313133, 33931333,1333931333, 122111,
-1,1311339331Ι1111313133,,311331,12(13333133,,,,133111
..133331 13133313111.,33331,1333131311, 3931113131
Ὶ’1111113131333311,11333331333333,13.11311311333133333
1,,113, 11Ρ331333311131.,. ,133333 codd. 14. 3131333
11163331133333 1 1333313313111 ,,1133313333 1331133333.
11.1331131131,3333·3,3,1 811111111111111319.
1331,,393333 1,ΟΧΧΧΙΙΙΙ3 117, enarr. n'etl. 1261911-
Ὶ13131131.33333,1.31 1111133113 1133813131. (11,,331131131,
γ31333133,3331133339,111111..,,333131 33391333131123.
11 1,(3133133111 11311313313,1133111111,3111311131,124.
1 133, 3, 33 dv. 113113( (13113, 3131333131, 3313133 rel. 126.
1133333331311127,1333133313111333133133,133133·
3133311281133.1311131333133,19331311933-
1313331, 1 37,1113133311313313111,1331131 3813-
13 333131. 1 continente 118111,,,113.1 nam. 3,,111313-
113131311331333133 3, 31131131333 331, Aradus Salm.
Ru. 13, 3193313, 933311. 13. 4. syperis 31 (3119111, 15.
, 1113931133, 1 6, Phrystimus 111 (111 13131311, 1139113333, 1
¹ 13133113 1111. 1 8. 9,(11111311131111,1 18. ῖΙΠ Χ-ΧΧῩΗ
11 1111111331 1 18. 3193331333, 1 24113113, 11οοῖ
, 31313301713.1331933333ΓΧ1331313331111
131, LXXX VXa om. rel. 136, (133331133133,, ..1333331 1
3101111111, 1228, l. 3331311313 ad ,3333111ἰῆ1 3331111331.
1133331333331133 1131114. 333313’3111(,1,13331,16 31333
11.19 333311111110, 31331333331121131313331 14.

 

