Ι. 1111111111 1111111111,
011111. ,4111111191 (Par. p, 178, 1-30), 1111Π11, 3¹²¹
(1111121 1141. 11111101111111. 1. 59136. 111111, . ,1111911121
om. 111.12.Μ111111111111,ν.1111111111.13.]199111111011
1111119, 1119191, 14. Β1111111111011, 9111111111, 11. l. 35.
Ι 5111111112 (1121111 16119111111111191111111, 1111119911
111111190,,119111191111111111111, 11111111 111, 5 1. 1991.
111111, 19910111111111111111 111111111011111119111..)
110, ,11191911 011111111111191, (1111111111),1,199111119
1111.18111111111(111111111111118111111.111111.1,41ωαὶ111111
1111111111111111111111 1111111111111111111,1,Ι 12,
1111111101,131111111111911.(11111,,·1 8111111199111. 5
011111110111,(11.,1,111, 11.,1111), 11111111111111111, 011-
1111118111111.1,1,1191,1 13.1191111611(1“2111911),111111,
l. 31. ¹5 11. 1119191111 111,·..111111 5 171129111111111111,
18.01111101111112ν111.,4491111111181911),,.51191911110911.
19911111111119ὛΜ 01112111191111 3 125. Ι. 1121121111)
11129.11119111110111121911991191111111 111911, 1ῌ11111·
11111111111119111111121 1111111,,11111111. 1 30 1191111111. 1
34111111991111 11111911119119111191111111,111 ¹¹¹¹A¹¹
1111111111. 1 3519111111111, 5 36. Buce 1111111911, 11911111.
1191113211111111111111911(1111211111, 5 55551. 1191111911
6556, 31119111111111113111111111119111.
(1115111111..11112129915,,1111111101121111,1111125111-
lon 5¹5Sv. 5 ²⁸..- ,1911111111 ¹Attalum), 1111119 Sv 5 31 1101111721
,.,121Ι1919 Sv. 1211111, 9991 11111, 1911111919, 110
111119111111101171111119191 8911119111ἐῦ ,11 111911111111,
9119111191111, 1, 1111111111911191111111111911, 11119111-

1111911199 19911111 17. ¹¹¹1 1111919111. 120. 1119991119, 111212,

111111191121211111..1,1111192,11,1911111.1 21111111111111
1111111111 12.4 11191112181119. 19,2“, 1111111, 7, 5,1,
1112111126, 1111111999, 1111111111, 1111. ¹¹¹5¹¹¹¹ 11111111, 1111-
1111112,1’32,”111191111111(11119111111111111991111
sAli‘n 19,1.13,4,119119191191111291911111911311199111991911-
11191 ¹6511.¹¹ ρ, 177,1 4119111191 11911, 11199111, 31511111
1119111111 1111119 11111119 9111119 91111111,9 111 1111111199 1111
11111, ¹¹¹186666 1131* ¹9165i1. 5 36. ¹RAA²A²⁴⁶1⁸¹¹2 1191. A,
11911198. 81111111111211111,91,1,11111111.,111911111111.1
111.3.111119111“,11911911’11, 11919.1111119.111.14,.11-

1111111111. 1211111111. d, 1111111111191111, 1111111211,

 

